colorCamera.height: 960
colorCamera.width: 1280
exposure: 200
fps: 30
gain: 0
scene_name: chiwah_corridor
colorCamera.fx: 1000.4729
colorCamera.fy: 999.856323
colorCamera.cx: 637.456665
colorCamera.cy: 480.136078
colorCamera.k1: 0.0696757436
colorCamera.k2: -0.0967301577
colorCamera.k3: 0.000139663898
colorCamera.k4: -0.00010842966
colorCamera.k5: 0.0387541801
colorCamera.k6: 0
colorCamera.p1: 0
colorCamera.p2: 0
depthCamera.fx: 500.23645
depthCamera.fy: 499.928162
depthCamera.cx: 318.728333
depthCamera.cy: 240.068039
depthCamera.width: 640
depthCamera.height: 480
depthCamera.k1: 0.0696757436
depthCamera.k2: -0.0967301577
depthCamera.k3: 0.000139663898
depthCamera.k4: -0.00010842966
depthCamera.k5: 0.0387541801
depthCamera.k6: 0
depthCamera.p1: 0
depthCamera.p2: 0