colorCamera.height: 2160
colorCamera.width: 3840
exposure: 200
fps: 30
gain: 0
scene_name: chiwah_new_new
colorCamera.fx: 2251.06396
colorCamera.fy: 2249.67676
colorCamera.cx: 1914.27734
colorCamera.cy: 1080.30615
colorCamera.k1: 0.0696757436
colorCamera.k2: -0.0967301577
colorCamera.k3: 0.000139663898
colorCamera.k4: -0.00010842966
colorCamera.k5: 0.0387541801
colorCamera.k6: 0
colorCamera.p1: 0
colorCamera.p2: 0
depthCamera.fx: 375.177338
depthCamera.fy: 374.946136
depthCamera.cx: 319.046234
depthCamera.cy: 180.051025
depthCamera.width: 640
depthCamera.height: 360
depthCamera.k1: 0.0696757436
depthCamera.k2: -0.0967301577
depthCamera.k3: 0.000139663898
depthCamera.k4: -0.00010842966
depthCamera.k5: 0.0387541801
depthCamera.k6: 0
depthCamera.p1: 0
depthCamera.p2: 0